0.0255123 0.832738
0.183435 0.350798
0.119614 0.89306
0.133596 0.795674
0.327177 0.934882
0.0489647 0.0557951
0.0632547 0.121135
0.111203 0.853385
0.0365958 0.449724
0.0975204 0.546215
0.16453 0.438399
0.0940106 0.72061
0.0940824 0.457491
0.0613158 0.769074
0.0567801 0.869429
0.178522 0.782146
0.152472 0.652412
0.0551052 0.952666
0.0279443 0.164882
0.0755422 0.624936
0.0364332 0.224241
0.242998 0.199498
0.067041 0.123294
0.0409323 0.949875
0.075731 0.236046
0.176534 0.288969
0.0132655 0.166921
0.0268148 0.0709995
0.0254866 0.952983
0.243589 0.316751
0.135948 0.263562
0.0477629 0.590926
0.0488082 0.503132
0.062476 0.387015
0.151755 0.609034
0.126161 0.633933
0.116544 0.427333
0.172138 0.683085
0.0288837 0.137861
0.13183 0.808771
0.0816061 0.348732
0.016753 0.608561
0.0625097 0.361417
0.0280052 0.778551
0.249265 0.366877
0.167579 0.315871
0.213996 0.649478
0.0231345 0.873355
0.0772848 0.0761015
0.0585809 0.677747
0.05865 0.528624
0.00888545 0.171134
0.122737 0.291618
0.0836507 0.761955
0.00667703 0.988835
0.148845 0.487534
0.164954 0.109086
0.0165505 0.0283107
0.129478 0.636905
0.0649939 0.194743
0.03731 0.283292
0.320485 0.897217
0.0476529 0.952887
0.115273 0.89788
0.0739587 0.272482
0.0431843 0.451032
0.152615 0.17395
0.0525953 0.484054
0.076832 0.620813
0.103808 0.549746
0.120711 0.413092
0.0931354 0.34554
0.10674 0.559809
0.0591954 0.914221
0.0134685 0.896974
0.168741 0.62763
0.10578 0.278168
0.15949 0.927143
0.28005 0.642799
0.0688366 0.228948
0.0535964 0.763894
0.0360812 0.207477
0.0299412 0.398355
0.0843091 0.935935
0.112419 0.963377
0.0408264 0.309974
0.128395 0.138064
0.268287 0.732798
0.208993 0.190526
0.0474583 0.838123
0.109861 0.948143
0.238776 0.492631
0.008924 0.393461
0.0664388 0.92367
0.0109121 0.399413
0.0228704 0.6415
0.0516086 0.265007
0.129458 0.89015
0.0397997 0.689788
0.0192395 0.915877
0.0999979 0.774485
0.412119 0.381836
0.143549 0.944612
0.194149 0.756963
0.0371476 0.208911
0.123554 0.772402
0.14914 0.535686
0.0265185 0.574849
0.192293 0.813133
0.102191 0.485364
0.057842 0.868529
0.116742 0.320641
0.0722368 0.425541
0.00678674 0.149121
0.000342142 0.0552796
0.158268 0.185271
0.196909 0.671762
0.0173957 0.141495
0.0176545 0.0447491
0.0612125 0.783846
0.0148192 0.370342
0.177259 0.180404
0.201664 0.379994
0.0414319 0.765849
0.0695446 0.839443
0.200376 0.943863
0.0612724 0.905473
0.155841 0.456144
0.167831 0.822858
0.10471 0.0393577
0.0565139 0.504878
0.12685 0.283691
0.0977839 0.503263
0.140986 0.369565
0.143322 0.0599755
0.241532 0.615811
0.0895028 0.0596036
0.303964 0.763355
0.0496819 0.297884
0.0638975 0.76428
0.0945859 0.309006
0.163369 0.997393
0.0752717 0.0578462
0.128856 0.53427
0.330426 0.156811
0.0203735 0.322675
0.15216 0.84725
0.0650051 0.913261
0.0294285 0.677435
0.244041 0.966612
0.047282 0.879195
0.0354781 0.826689
0.0200415 0.126628
0.00333503 0.0374275
0.162077 0.325659
0.00971433 0.101811
0.0355733 0.16425
0.155868 0.310389
0.00260856 0.452992
0.0594244 0.867401
0.0871066 0.46303
0.0595254 0.79096
0.0917036 0.0115377
0.0810018 0.0920778
0.0305198 0.77992
0.0136931 0.247758
0.143996 0.921634
0.0368688 0.160898
0.0336372 0.819527
0.0482286 0.125638
0.142509 0.755822
0.0529865 0.153706
0.114284 0.404531
0.0742418 0.842947
0.0192495 0.782314
0.155623 0.31647
0.0552359 0.146886
0.144503 0.404191
0.021047 0.604229
0.0248175 0.637681
0.0265212 0.432031
0.028369 0.632054
0.163791 0.541036
0.124756 0.445814
0.00284621 0.535651
0.00200027 0.255548
0.0789864 0.373185
0.0946526 0.738373
0.113161 0.00619669
0.0381764 0.669039
0.0734924 0.583155
0.0469908 0.838743
0.197715 0.899316
0.171026 0.672701
0.015377 0.0240128
0.0534092 0.657155
0.0501775 0.784288
0.230948 0.953114
0.238867 0.748493
0.308733 0.884814
0.0514614 0.964531
0.0058815 0.88842
0.21784 0.955038
0.0747203 0.959087
0.137783 0.838238
0.0204627 0.455942
0.193022 0.213415
0.177633 0.751405
0.229041 0.879524
0.0428306 0.196395
0.0641913 0.768545
0.0800401 0.221139
0.0465176 0.7318
0.12263 0.29523
0.20104 0.765375
0.0746677 0.610223
0.151233 0.419087
0.0990173 0.248601
0.0935121 0.143053
0.000213487 0.381934
0.161367 0.0883037
0.161481 0.492908
0.102046 0.823171
0.0316732 0.86463
0.0546675 0.528212
0.121074 0.393284
0.0848578 0.516076
0.0636584 0.317815
0.167557 0.554417
0.00687066 0.469326
0.144131 0.831064
0.224933 0.624697
0.135676 0.0868354
0.0201749 0.833971
0.0128078 0.276637
0.130456 0.108347
0.154012 0.417952
0.133515 0.56287
0.179961 0.87601
0.277266 0.336683
0.120074 0.484337
0.122608 0.482972
0.0638105 0.424047
0.0346909 0.423252
0.129678 0.67467
0.0776852 0.360515
0.0189052 0.48762
0.330264 0.019636
0.170704 0.431591
0.00430568 0.994879
0.127154 0.591585
0.0985045 0.650967
0.0591356 0.345523
0.0161503 0.121471
0.10377 0.725001
0.0329694 0.479995
0.122913 0.907843
0.0216029 0.242858
0.0734303 0.688752
0.0693105 0.4003
0.167102 0.921762
0.116696 0.793058
0.121257 0.667885
0.102971 0.0764286
0.240964 0.599215
0.0120581 0.0405888
0.0408977 0.0252006
0.0750762 0.908973
0.0381378 0.793485
0.145319 0.0269457
0.140554 0.13023
0.12086 0.547049
0.0527692 0.279079
0.149274 0.485941
0.059918 0.568528
0.0688993 0.411538
0.0319057 0.681964
0.0847528 0.206968
0.0590024 0.321375
0.178142 0.331361
0.0575337 0.822437
0.0442683 0.115946
0.0821368 0.869997
0.00331875 0.205517
0.0658078 0.0622976
0.0830401 0.233568
0.210928 0.861947
0.101382 0.620699
0.0111784 0.597434
0.154707 0.930206
0.195865 0.159726
0.138737 0.85691
0.131535 0.407775
0.0148957 0.674051
0.0984016 0.823462
0.062227 0.660818
0.0181942 0.925695
0.291923 0.107818
0.141959 0.81796
0.0365934 0.396638
0.114956 0.390306
0.200214 0.862132
0.0554337 0.813793
0.272497 0.957671
0.111008 0.350365
0.13788 0.845255
0.0683727 0.0554278
0.117136 0.319599
0.0917091 0.771096
0.274091 0.40805
0.233442 0.367274
0.162202 0.830179
0.131302 0.631241
0.0128771 0.288946
0.0526571 0.222539
0.0780997 0.49628
0.128292 0.814982
0.0316066 0.306093
0.0529139 0.376121
0.0884151 0.678069
0.0020975 0.949205
0.01516 0.578464
0.0899507 0.182864
0.13537 0.461823
0.241172 0.624579
0.156672 0.160553
0.123687 0.288062
0.267131 0.304971
0.114081 0.285993
0.0331445 0.932319
0.0263632 0.995343
0.0452395 0.631732
0.0644112 0.702927
0.108556 0.934605
0.0965396 0.647537
0.26709 0.420423
0.129033 0.392348
0.162935 0.66876
0.0318987 0.408361
0.14223 0.466723
0.24181 0.0504138
0.0333424 0.00104106
0.153656 0.115953
0.0668316 0.631883
0.186308 0.514237
0.23005 0.278212
0.363143 0.345544
0.0140665 0.18674
0.129671 0.397371
0.037271 0.958724
0.19685 0.647467
0.225605 0.108323
0.172732 0.832084
0.0823385 0.661091
0.201831 0.4997
0.0831452 0.222633
0.00283219 0.685611
0.156383 0.589624
0.265684 0.58818
0.201281 0.0922166
0.0432599 0.572165
0.0619897 0.23558
0.142979 0.929772
0.0890073 0.313826
0.30324 0.224734
0.191956 0.270164
0.0608514 0.669127
0.028328 0.754073
0.171306 0.863296
0.0343516 0.286087
0.110312 0.885293
0.129471 0.199947
0.131725 0.413907
0.00234508 0.0312741
0.0686621 0.792669
0.185083 0.621843
0.00850593 0.499402
0.100864 0.1016
0.110753 0.823812
0.0820862 0.660323
0.00718276 0.0362176
0.114182 0.466685
0.0367767 0.972594
0.258854 0.817973
0.00152968 0.192042
0.0362539 0.552807
0.0574068 0.835434
0.13475 0.0315317
0.0572764 0.0446136
0.0438127 0.296518
0.176001 0.357663
0.000385006 0.51869
0.056369 0.949311
0.00804059 0.327795
0.0307033 0.377071
0.143141 0.043516
0.0990054 0.46423
0.0152453 0.794245
0.0616495 0.818066
0.205257 0.642831
0.125371 0.261285
0.0326551 0.491946
0.122518 0.535447
0.0729521 0.677339
0.0531077 0.430523
0.0530867 0.372029
0.0396209 0.431975
0.173525 0.935142
0.152176 0.422901
0.101231 0.229918
0.047932 0.571212
0.0111969 0.961385
0.101825 0.554879
0.014739 0.680966
0.0336877 0.395866
0.0340005 0.711715
0.115088 0.184329
0.027655 0.104463
0.0845302 0.894376
0.18333 0.0258546
0.0825826 0.526838
0.051297 0.342539
0.0445843 0.848668
0.032637 0.398724
0.136927 0.361578
0.0703054 0.956275
0.00206887 0.371913
0.0161366 0.850871
0.142655 0.686657
0.10095 0.0900039
0.0401725 0.557476
0.0502483 0.63625
0.114524 0.694619
0.0866983 0.66001
0.00566177 0.418096
0.116168 0.181208
0.106672 0.336296
0.0387248 0.616869
0.201685 0.0722282
0.19504 0.642475
0.136528 0.51206
0.141504 0.666909
0.0896106 0.276887
0.109584 0.304639
0.0820153 0.462618
0.096181 0.718271
0.0341176 0.136346
0.112546 0.54039
0.153284 0.442833
0.115946 0.131887
0.0499765 0.529098
0.0584411 0.154553
0.319852 0.532429
0.0640359 0.477704
0.103044 0.0433134
0.0500034 0.83922
0.044056 0.237348
0.150224 0.660921
0.0352146 0.50176
0.0102955 0.802284
0.274718 0.774144
0.121739 0.827576
0.0120671 0.73397
0.11428 0.265178
0.19882 0.634917
0.208355 0.164111
0.135196 0.370606
0.0297122 0.976857
0.0391169 0.76018
0.0808696 0.679841
0.0433604 0.472474
0.0565576 0.190928
0.192214 0.338838
0.125793 0.711921
0.0607647 0.976983
0.110883 0.673033
0.198214 0.019345
0.0252494 0.279534
0.170707 0.0764752
0.266434 0.672656
0.0387752 0.38276
0.172936 0.587725
0.0844088 0.513947
0.205974 0.65985
0.023136 0.0520868
0.312303 0.106346
0.092254 0.207472
0.054615 0.230822
0.013615 0.428764
0.00496779 0.963614
0.162277 0.197924
0.145865 0.177605
0.230422 0.794404
0.0151945 0.999707
0.0127541 0.478297
0.140668 0.455272
0.378807 0.816963
0.0674692 0.143799
0.0214555 0.220919
0.082026 0.532379
0.117217 0.844705
0.0214343 0.660133
0.10734 0.753783
0.0875776 0.148192
0.138798 0.327554
0.112626 0.837069
0.0527936 0.983304
0.115691 0.430748
0.126152 0.629238
0.00198737 0.887153
0.0522757 0.139616
0.0942606 0.93272
0.0918657 0.471968
0.148539 0.935379
0.0604364 0.388559
0.0558057 0.27207
0.00411448 0.827942
0.0203215 0.798005
0.0322285 0.967858
0.279835 0.466814
0.0111106 0.898955
0.0357843 0.908021
0.0468273 0.924221
0.0395418 0.228388
0.0352075 0.782541
0.195841 0.545793
0.0873721 0.610107
0.0347978 0.661254
0.115391 0.569233
0.044757 0.694326
0.0522152 0.450378
0.0177996 0.528177
0.199988 0.331134
0.235322 0.304222
0.0109844 0.783295
0.195852 0.798996
0.0661927 0.933561
0.082186 0.788272
0.0406646 0.281114
0.085983 0.397917
0.0443573 0.675703
0.0760595 0.536162
0.0810042 0.614369
0.2227 0.118721
0.0137696 0.671989
0.0943679 0.145325
0.177021 0.727302
0.0960892 0.608991
0.0332468 0.783128
0.128131 0.527671
0.291672 0.144076
0.0367676 0.428165
0.00774018 0.277801
0.141857 0.155555
0.197304 0.694703
0.00154913 0.432602
0.0784485 0.796934
0.00500212 0.352085
0.176984 0.3207
0.0568385 0.435422
0.0505546 0.153207
0.0115014 0.312486
0.151523 0.0267996
0.0515458 0.906959
0.0848865 0.601244
0.0903919 0.626123
0.0374082 0.509461
0.0128153 0.541008
0.0519442 0.339235
0.112661 0.888643
0.0309362 0.0526991
0.276841 0.0138136
0.0710754 0.688376
0.307087 0.422719
0.103725 0.382268
0.227972 0.0873997
0.0762322 0.575128
0.0525622 0.980818
0.00986713 0.689173
0.14874 0.606672
0.0641307 0.437368
0.016771 0.576173
0.00888226 0.946356
0.268849 0.716272
0.0686235 0.812628
0.123461 0.839398
0.406208 0.108831
0.176528 0.653257
0.135387 0.176332
0.073718 0.480895
0.173783 0.703843
0.143202 0.548942
0.0447459 0.991054
0.246202 0.964119
0.0259134 0.0276747
0.0424829 0.325946
0.103818 0.788747
0.112679 0.705662
0.0174273 0.959056
0.332764 0.130161
0.122542 0.702004
0.15321 0.813175
0.0113756 0.319764
0.100654 0.40142
0.0557378 0.49135
0.0328745 0.299233
0.0188514 0.496852
0.043214 0.162824
0.110711 0.385219
0.222513 0.264995
0.0590473 0.893806
0.167847 0.953976
0.355545 0.442827
0.0808242 0.374331
0.129139 0.821465
0.0551712 0.13412
0.233069 0.626654
0.134846 0.39035
0.104783 0.600671
0.0390169 0.437587
0.206504 0.710642
0.0428805 0.443324
0.0453354 0.156616
0.0952697 0.430027
0.0326844 0.576365
0.0715693 0.234915
0.0156963 0.0404756
0.0918313 0.199889
0.0334089 0.056751
0.0439854 0.80156
0.110363 0.737102
0.139168 0.692755
0.0357351 0.998467
0.0357173 0.971044
0.145231 0.167916
0.120291 0.359288
0.166284 0.424755
0.0999853 0.714731
0.134085 0.734231
0.0244621 0.990417
0.0249494 0.227746
0.208802 0.221027
0.18299 0.81754
0.0194023 0.324053
0.136424 0.974507
0.017435 0.765655
0.00861778 0.466218
0.00580132 0.318658
0.0872867 0.987911
0.0490817 0.255799
0.218524 0.626764
0.0118006 0.588971
0.326105 0.660592
0.00936619 0.982555
0.0376402 0.203852
0.0298391 0.365559
0.00128406 0.06409
0.19216 0.311519
0.0231686 0.881029
0.0560228 0.22077
0.0197972 0.0396816
0.0155811 0.0180024
0.0270059 0.844567
0.0107975 0.288561
0.134396 0.0231781
0.085087 0.0426588
0.0860226 0.559265
0.0873038 0.318261
0.165939 0.879229
0.0589833 0.12287
0.443515 0.559379
0.00309756 0.168554
0.150313 0.433084
0.0423635 0.412293
0.00568345 0.434254
0.0441789 0.246032
0.063946 0.249683
0.119311 0.87389
0.0308805 0.742891
0.15907 0.284667
0.0701509 0.0399335
0.244046 0.227201
0.0244965 0.961449
0.150503 0.748527
0.0437149 0.35935
0.177731 0.70493
0.139932 0.096584
0.147324 0.674112
0.191803 0.0886621
0.0470984 0.711889
0.137461 0.748402
0.165181 0.410555
0.222358 0.85978
0.0348071 0.880287
0.179281 0.1638
0.220628 0.130663
0.0380973 0.73007
0.0546141 0.660646
0.171661 0.575507
0.0307752 0.549976
0.159197 0.732325
0.119357 0.242892
0.0520917 0.781103
0.106122 0.430079
0.024127 0.778773
0.0625024 0.0979839
0.0995296 0.575603
0.0781071 0.219065
0.233083 0.315591
0.170757 0.253481
0.0703064 0.442701
0.144566 0.0864352
0.0814195 0.570525
0.147774 0.00829722
0.160765 0.911154
0.188727 0.959795
0.0836302 0.125927
0.139345 0.87953
0.172225 0.579187
0.160667 0.238552
0.0925193 0.754503
0.00496701 0.146271
0.0195812 0.592545
0.0130259 0.634347
0.112995 0.857039
0.0520059 0.837433
0.0550826 0.540757
0.223481 0.576142
0.00871197 0.718305
0.001602 0.0460298
0.0760598 0.554319
0.189725 0.446944
0.0320423 0.497884
0.149551 0.168431
0.0669775 0.980846
0.058186 0.25168
0.0746936 0.0471674
0.0674675 0.567363
0.0279864 0.424158
0.191061 0.386377
0.0107869 0.575476
0.217795 0.7079
0.172729 0.320768
0.273739 0.316159
0.00870008 0.714691
0.124829 0.472561
0.00209376 0.393544
0.0453853 0.559533
0.178793 0.245881
0.0429365 0.821527
0.0957213 0.0439065
0.0998624 0.763857
0.295282 0.675281
0.0259258 0.609303
0.0584408 0.299933
0.036494 0.581105
0.0277148 0.507068
0.116835 0.921341
0.0190066 0.36266
0.139135 0.322606
0.00321087 0.22015
0.0497304 0.388271
0.0374545 0.965278
0.0669784 0.765661
0.206286 0.52358
0.170341 0.991235
0.0353079 0.850512
0.0248408 0.820364
0.192891 0.44076
0.0311545 0.4567
0.0756275 0.0914508
0.0484127 0.083592
0.00900962 0.172457
0.110519 0.600414
0.215599 0.412555
0.143139 0.918374
0.0590875 0.723129
0.0693155 0.332337
0.210624 0.737509
0.109014 0.00426933
0.0608715 0.108992
0.321031 0.657885
0.206859 0.944775
0.0410263 0.0357911
0.125522 0.0144138
0.0063196 0.285088
0.0012831 0.719738
0.0613084 0.617594
0.102419 0.0989849
0.113898 0.953188
0.0207196 0.976525
0.0634201 0.329632
0.0169406 0.461077
0.0936686 0.85748
0.0252294 0.682689
0.0568864 0.0246896
0.0573855 0.62383
0.132029 0.580636
0.116128 0.764435
0.0249897 0.942249
0.255923 0.321544
0.126861 0.878384
0.00097826 0.943713
0.237074 0.203721
0.238097 0.306769
0.313503 0.136398
0.0232585 0.713221
0.0196962 0.0378637
0.172517 0.663678
0.182754 0.276384
0.110026 0.185081
0.0436413 0.866166
0.160609 0.928169
0.278316 0.114862
0.00986452 0.924745
0.108058 0.916108
0.0767993 0.415106
0.0347614 0.702063
0.0502192 0.576438
0.0877355 0.37583
0.0742275 0.563236
0.0533068 0.333434
0.0318896 0.483579
0.0573604 0.1336
0.0966905 0.0420123
0.0125934 0.351964
0.0434285 0.225779
0.116884 0.580673
0.0650425 0.00281389
0.156497 0.977014
0.0490807 0.529017
0.204674 0.0307356
0.0961204 0.635246
0.0847591 0.651717
0.117803 0.291234
0.0858448 0.820866
0.0233397 0.886514
0.0480154 0.0639903
0.0549114 0.0336034
0.0135574 0.468463
0.0160585 0.505643
0.031228 0.191833
0.0539714 0.352982
0.0677241 0.0222534
0.137606 0.300409
0.0160591 0.261002
0.205459 0.213249
0.0139373 0.592552
0.0498242 0.0741277
0.0537379 0.587447
0.127447 0.0912774
0.0987369 0.753181
0.0947303 0.762911
0.158219 0.761354
0.16193 0.840508
0.134664 0.828867
0.129512 0.0664252
0.0870274 0.0692938
0.142383 0.651928
0.262365 0.100596
0.0880039 0.995256
0.113196 0.0363957
0.0199874 0.272903
0.01024 0.730674
0.0143194 0.53385
0.0376008 0.818325
0.154712 0.707348
0.101406 0.282146
0.161008 0.771582
0.194248 0.389988
0.205154 0.967355
0.189066 0.481335
0.054867 0.855132
0.248395 0.24423
0.0960956 0.363529
0.0210622 0.362832
0.00394452 0.888341
0.0175613 0.321655
0.34507 0.617482
0.0590351 0.86452
0.0205049 0.917648
0.158687 0.69288
0.165783 0.692026
0.183871 0.68253
0.259823 0.37615
0.0260889 0.686207
0.0442765 0.425389
0.11231 0.457582
0.19646 0.779745
0.0632606 0.0472829
0.134915 0.766542
0.0781508 0.762146
0.100783 0.0238553
0.0473609 0.0229454
0.137811 0.160863
0.106166 0.768132
0.141626 0.588194
0.122396 0.669251
0.200566 0.017457
0.0712543 0.759819
0.0450204 0.281973
0.0350787 0.114959
0.213637 0.917261
0.0142564 0.208804
0.0518516 0.245001
0.0992584 0.312982
0.085659 0.114192
0.00816682 0.299216
0.0058922 0.449676
0.123806 0.972926
0.126556 0.237394
0.0178278 0.441173
0.0316422 0.766954
0.0878009 0.895813
0.078955 0.147236
0.0718265 0.401323
0.0380049 0.791297
0.0278627 0.709216
0.113884 0.91892
0.0108265 0.294018
0.324618 0.714168
0.0740471 0.765038
0.130677 0.784924
0.170988 0.799934
0.217178 0.627446
0.00539869 0.211864
0.158804 0.428476
0.1057 0.566828
0.0067843 0.748151
0.0303453 0.759331
0.136201 0.517463
0.192377 0.15307
0.00980663 0.854675
0.0354071 0.298146
0.0159741 0.0369327
0.10945 0.210524
0.0762916 0.379134
0.206833 0.550194
0.0904329 0.387066
0.0931376 0.0113101
0.057617 0.32376
0.0410925 0.828512
0.0983963 0.715946
0.0110876 0.0459269
0.0856496 0.857391
0.0297031 0.964388
0.0679746 0.41903
0.156567 0.511437
0.0555193 0.309514
0.0922203 0.433322
0.248206 0.76332
0.0507061 0.115931
0.0614993 0.679022
0.0221443 0.491037
0.120026 0.996959
0.0276483 0.801294
0.0435034 0.303565
0.145567 0.531618
0.127521 0.259251
0.142411 0.0549824
0.149078 0.197051
0.194732 0.436927
0.129778 0.309556
0.232775 0.0106739
0.191239 0.72221
0.0310082 0.501014
0.119673 0.5965
0.308523 0.257331
0.180482 0.723058
0.173122 0.160046
0.06112 0.146478
0.115662 0.278765
0.0281714 0.0152065
0.0863633 0.936462
0.099694 0.236718
0.1091 0.987889
0.0723291 0.742001
0.146806 0.866305
0.0786654 0.0647093
0.171926 0.065771
0.0416251 0.994918
0.0473542 0.710769
0.0924227 0.281233
0.0851646 0.649703
0.0156573 0.248327
0.0332533 0.777032
0.0281903 0.334653
0.0267448 0.65102
0.0213196 0.57169
0.163008 0.782242
0.0726516 0.877608
0.0136178 0.546928
0.14409 0.123755
0.348724 0.223634
0.0984403 0.910731
0.0950797 0.173869
0.136986 0.631753
0.0186203 0.253645
0.0222681 0.200279
0.0955317 0.4572
